380
14

1000 1000 1000 1000 1000  999 1000  999 1000 1000 1000 1000  999  999 1000 1000 1000 1000 1000 1000 1000 1000 1000 1000 1000 1000 1000 1000
 999  999  999 1000  999 1000  999 1000  999  999  999 1000  999 1000 1000 1000 1000 1000 1000 1000 1000 1000 1000  999 1000 1000 1000 1000
1000 1000  999 1000  999 1000  999 1000 1000 1000 1000 1000  999 1000 1000 1000 1000 1000 1000 1000 1000 1000 1000 1000 1000 1000  998 1000
 995  998  995  988  994  990  997  994  999  995  998  998  995  995  998  997  998  996  992  997  992  992 1000  995  992  995  992  991
 999  998  999 1000  998  998  999  999 1000  999 1000  999  999 1000 1000  999 1000 1000  999  999 1000 1000 1000 1000 1000  998  996 1000
1000 1000  999 1000 1000 1000  999  999  999  999  999 1000  999 1000 1000 1000 1000 1000 1000 1000 1000 1000 1000 1000 1000 1000 1000 1000
1000  999  999 1000 1000  999 1000  999 1000 1000 1000  999 1000  645 1000 1000 1000 1000 1000 1000 1000 1000 1000 1000 1000 1000 1000  685
1000 1000 1000 1000 1000  999 1000  999 1000 1000 1000 1000  999  999 1000 1000 1000 1000 1000 1000 1000 1000 1000 1000 1000 1000 1000 1000
1000  996  999 1000  996  999 1000 1000 1000 1000 1000  999  999 1000 1000  999 1000 1000  999 1000 1000 1000 1000 1000 1000  995  997 1000
 999  999  999  999 1000  999  999  999  999  999  999  999  999  999 1000  999 1000 1000 1000 1000  999 1000 1000 1000 1000  999 1000 1000
1000  998  999 1000  998 1000 1000  999 1000  998 1000 1000  999  999 1000  999 1000 1000  999 1000 1000 1000 1000  999 1000 1000  996 1000
 965  983  999  957  999  999  999  957  999  958  912  999  999  999  999  999  999  999  962  967  999  999  999  998  958  999  999  959
 999  999 1000 1000  999  997 1000  999 1000  999  999  999  999 1000 1000 1000 1000 1000 1000  999 1000  997 1000 1000 1000 1000 1000 1000
 999 1000 1000  999  999 1000 1000  999 1000  999  999  999 1000  999 1000 1000 1000  999 1000 1000 1000 1000 1000 1000 1000 1000 1000  999
1000 1000 1000  999 1000 1000 1000 1000 1000 1000 1000  999 1000 1000 1000 1000 1000 1000 1000 1000 1000 1000 1000 1000 1000 1000 1000 1000
 556 1000  999  793  576  999  999 1000  999  999  999  999  999  999  998 1000  790  999  999  997  792 1000  787  776  789  997  997  997
 999  999  999  999  962  999  998  999  999  999  999  999  999  999  999  999  999  999  999  999  999  999  998  999  999  999  999  999
 746 1000 1000  999  999  999  999  999  999 1000  999  999  999  999  999 1000 1000 1000  746 1000 1000 1000 1000 1000 1000 1000 1000 1000
 999  999  999  999  999  999  999 1000 1000 1000 1000  999 1000 1000 1000 1000 1000 1000 1000 1000 1000 1000 1000 1000 1000  999 1000 1000
 999  999  999  999  999  999  999  999  999  999  999    0  999  999  938  921  961  952  967  816  953  938  941  956  924  992  915  911
 998    0  998  998  997    0  998  998  998  998  997    0  998  998  772  992  829  788  768  992  798  773  759  792  716  992  801  790
 997    0  998  998  998    0  998  998  998  998  998    0  998  998  800  993  805  757  849  993  753  772  750  782  766  992  805  801
 998  998    0  998  998  997    0  998  997  998  998  998    0  998  771  800  992  800  761  771  992  763  743  757  816  816  992  769
 998  999  998   42  961  997  997    0  981  964  998  952   40  945  446  785  576  997  833  522  810  817  418  798  594  806  997  406
 839  704  931  888  972  721  991  963  974  734  530  999  889  943  973   55  998  832  999    0  999  999  996  975  998  999    6  999
   0  998  998  997    0  998  998  998  997  998  998    0  998  998  992  792  791  749  992  812  776  795  769  801  781  991  770  780
 949    0  999  941  999  998  997  999  999  978    0  921  999  944  934  760  945  596 1000  890  606  999  956  434  630  754 1000  293
 998  998    0  998    0  997  997  998  998  998  997    0  997  998  756  807  992  801  992  751  747  762  802  824  741  992  724  812
 992  997  995  998  987  741  401  764  995  995  994  997  999   20  999  472  907  991  999  995  993  994    3  999  384  994  968  989
 996  256  997  527  968  999  995  908  359   78    0  207  967  946  227  775  533  999  634  868  513  321  822  897  821  708  771  754
 999  999  273  999  588  645  999  655  928  999  999  262  636  749  972  958  620  931  922  653  979  532   45  939  958   45  900   45
 998  997    0  998  998  998    0  998  997  997  998    0  998  998  810  713  994  776  733  819  992  826  715  715  786  992  809  834
 469  549   96  427  999  997  999  999  999  998 1000  997  561  998  998  997  998  998  756    0 1000 1000  761  999 1000  999    0  999
 998   44  999  998  999  894  999  999  998  999  999  998  103  655  125  998  704  999  998  280  999  999  999  998  540  482  998  999
 652  511  517  420  459  430  558  641  563  619  685  609  535  371    0  330  698  996  997    0  929  188  998  437    0  965  868  998
 997  997    0  998  998  997    0  997  998  998  998  998    0  998  733  800  992  815  781  779  992  740  766  815  818  806  992  762
 998  998    0  998  998    0  998  998  998  998  998  998    0  998  771  794  992  823  813  992  759  756  766  814  799  764  992  758
 938  717  947  919  668  682  359  879  628  914  871  937  374  346  857  896  958  851    0  954  294  943    0  921  678  930  972  956
 860   43  946  520  916  596  908  765  854  797  843  760  688  545    0  987  936  968    0  944  890  890  985  862  835  459  846  742
 923    3  122  995   47  611  814  802  998  995  475  967  996  606  754  464  297  988  316  980  712  740  995  988  570  696  951  996
 916  162  378  948  488    7  915  901  910  907  432  108  341  369  847  817  864  814  875  876    0  696  246  713  750  849  771  848
 251 1000  998 1000 1000  998  450    0  999  999   19  998  999 1000  589 1000  300 1000 1000  300  998  997 1000  999  438  300 1000 1000
 529  417  830  844  543  555  885  621  940  901  646  574  486  897  866   57  963  999  503  263  999  704  999  601    0  714    0  999
 999  621  999 1000  668  168  999  997  613  997    0  999  494  999  999  999  999 1000  999   24 1000  595  182    0  998  999  998 1000
 998  997  987  999   42  933  999  696  987  997  914    0   38  953  685  198  854  710  997  998  933  951  857  347  628  467  997  947
 998 1000  997  998  997  655  998  999  998  598  999  999    0  478   33 1000  371  999    0  997  999  999  320  999 1000 1000  997  896
   0  998    0  197  998  999  994  978  997  998  967  974   46  946  800  459  795  998  799  990  485  564  942  639  588  450  997  832
 996  468  999  999    0  816  999  606  999  997  551    0    0  998  128  998  999  999  999  520  999  908 1000  999  999 1000  999  999
   0  941  912    0  834  433  889  871  933  545  840  502  691  155  940  370  396  747    0  731  690  810  657  722  788  848  413  851
 769  612  605  685  897  637  613  733  766  607  699  679  629  463  998  487  874  998  911   45  998  998  383  963   45   45   45  857
1000  363  246  350  993  241  655  998  998  999 1000 1000  674  474 1000  998  998  998    0    0  999  999  999 1000 1000 1000   42  998
 980  998   30    0  999  999  997  997  988  999  516  997    0  953  479  610  666  997  892  941  999  273  857  636  713  387  997  939
 999  532  269  154  579  994  480  998  997  998  999  998  715  998 1000  999  995  998  999  114  998  999  999  122 1000  999    0  999
 997  998    0  997  998    0  997  997  997  998  997    0  997    0  656  793  992  597  787  992  637  652  665  714  623  992  663  725
 251 1000  998 1000 1000  998  450    0  999  999   19  998  999 1000  589 1000  300 1000 1000  300  998  997 1000  999  438  300 1000 1000
 998  621  997  999 1000  996  691  623  999  997  997    7  998  239  999  999   42  999 1000    0  684  999  998  999  550  997  999  998
 866  951  558  613  636  953  639  995  781  362  649  970  441  549  909  996  980    0  998  989    0  430  995  834    0  964  924  995
   0  999  641  644  860  999  644  644  289  135  644  642  289  228  369  999  180  648  556  999  684  684  369  684  583  684  369  579
 426  208  947  806  903  811  789  586  570  634  854  346  207    0  886  729  842  798  838  330  802  342   51  666  726  631  789  850
 833  671  301  998  972  724  972  294  962  998  546  234  960  801  893  999    0  995  999  171  999  185  999  999  398  997  999  130
 993    0  999  999  996  999    0  995  906  736    0    0  999  944  625  602  999  948  445  898  761  487  290  621  599  854  999  470
 999  996  998  998  997  481  997  999  999  999    0  548   29   81 1000    0  999  999    0  678  999  502  999  612  997  999  998  998
 507  450  337  183  393  331  571  451  363  498  556  535  436  381    0    0  382  354  997  997    0  541  354  981  469  867  126    0
 994  997  999  254  727    0  491  513  728  999    0    0  999  997    0  999  998  998  998  999  963  998  999  999  999  999  997  999
 687    0    0    0 1000  584  999  999  102 1000 1000  416  135  999  999  998  999 1000 1000  999 1000 1000  999 1000 1000  999  998 1000
 993    0  999  999  996  999    0  995  906  736    0    0  999  944  625  602  999  948  445  898  761  487  290  621  599  854  999  470
1000  998    0  999    0 1000    0    0  999 1000  179  999  999  999 1000  999 1000 1000 1000 1000  999  999  998 1000  999  999 1000 1000
 438  797  313  894  845  542  377  752  790  811  762  799  586  248    0    0  733  779  923  150  619  870  760  856  856   41  410  946
 741  500    0  645  997  244  635  999  898  408  296  961  710  640  695  998   45  243  999    0  816  999  989    0  591  999    0  998
 687    0    0    0 1000  584  999  999  102 1000 1000  416  135  999  999  998  999 1000 1000  999 1000 1000  999 1000 1000  999  998 1000
 792  893  460  781  926  469  464  517  323  252  992  462  126  273  510  989  564   45  992   45  976  914    0   45  962  694  967  286
 998  792  982  115  593  995  998  474  935  999  382  489   14  997  999    0  999  997  999  996  999    0   81  999  998  999  997  576
 994  997  999  254  727    0  491  513  728  999    0    0  999  997    0  999  998  998  998  999  963  998  999  999  999  999  997  999
 410    0  264  969  783  913  997  995    0    0    0  957  682  946  592  738  573  785  999  513  592  577  648  534  690  360  999  763
 792  893  460  781  926  469  464  517  323  252  992  462  126  273  510  989  564   45  992   45  976  914    0   45  962  694  967  286
 999  999  998  525  998  997  777  999  997  999  764  999   22    0  999  999  217  999  999  341  242  999   32 1000  999  999  998  997
 482  526  508  235  361  526  560  438  669  573  597  573  665  309    0  962    0  997   19  998  336  283    0  342  501  998  482  998
   0 1000  998    0    0 1000  998  998  999  998  999  998  999  309  996 1000  463  598  720 1000  452  451 1000  451  588  452 1000  588
 997  526  996  364  628    0  997  861  998  999    0    0  999  999  979  998  658  998  999  999    0  163  999  999  999  999  999  923
 410    0  264  969  783  913  997  995    0    0    0  957  682  946  592  738  573  785  999  513  592  577  648  534  690  360  999  763
 992  995    0  386  998  997  481   18  994  474  662   56  994  474  171  999  991  476  995  996    0  360  403  998  255  997  996  277
 149  767  999  599  409  993  746  958  997  865  854  947  848  656  914    0  917  872   32    0    0  909  366  880  487  781   10  755
 149  767  999  599  409  993  746  958  997  865  854  947  848  656  914    0  917  872   32    0    0  909  366  880  487  781   10  755
 908   42  998  998    0  644  546  426  999  998  998    0    0  998  306  998  915  997  999   45  999  907 1000  477  999  999  999  370
 304  240  460  350  706  533  625  609  404  594  655  472  407  509  996  988   98  738  844   45  881  996  204  950   45   45    0   45
 996    0  999    0  481  887  762  340  999  672    0    0  997  999  485  997 1000 1000   45  557  628  998 1000  999  999  999  464  999
 996  263  998   39  999    0  998  999    0  999  624    0    0  972  521  998  338  997  999  999  475  981  999 1000  999  999  999  999
 996    0  999    0  481  887  762  340  999  672    0    0  997  999  485  997 1000 1000   45  557  628  998 1000  999  999  999  464  999
 992  995    0  386  998  997  481   18  994  474  662   56  994  474  171  999  991  476  995  996    0  360  403  998  255  997  996  277
 606  183    0  997  997  477  998  707  997  997  992    0  998  998   75  998  997  999  999  959  998  469  426  178    0  993  996  999
 634  998  349  999    0  995  166  820  995  999    0    0  999  999  999  298  998 1000 1000   45  996  661  999 1000 1000  999  998  999
 572  621  998    0  490  934  632  999  999  511    0    0  998  651  999  999  999  999   45  338  725 1000  999  999  999  999    0  999
 634  998  349  999    0  995  166  820  995  999    0    0  999  999  999  298  998 1000 1000   45  996  661  999 1000 1000  999  998  999
 989  997  987    0  934  999  997    0  998    0  997  790    0  955  163  297  966  996  998  946  941  762  552  393  449  589  996  931
 996  263  998   39  999    0  998  999    0  999  624    0    0  972  521  998  338  997  999  999  475  981  999 1000  999  999  999  999
 606  183    0  997  997  477  998  707  997  997  992    0  998  998   75  998  997  999  999  959  998  469  426  178    0  993  996  999
 908   42  998  998    0  644  546  426  999  998  998    0    0  998  306  998  915  997  999   45  999  907 1000  477  999  999  999  370
 572  621  998    0  490  934  632  999  999  511    0    0  998  651  999  999  999  999   45  338  725 1000  999  999  999  999    0  999
 304  240  460  350  706  533  625  609  404  594  655  472  407  509  996  988   98  738  844   45  881  996  204  950   45   45    0   45
 989  997  987    0  934  999  997    0  998    0  997  790    0  955  163  297  966  996  998  946  941  762  552  393  449  589  996  931
 333    0  263  163  502  740  462  352  782  827  360   51  844    0  974  249  997  996   45  999  281  331  999  160   45  916  999   58
 143  998   45  998    0  994  999  939  999  997  491    0    0  999  998  142  998  999  999    0  999  611  999  999  999 1000  999  688
 493  161  106    0  996  998  873  997  998  506    0    0  998  997  934  998  998  999   10  999   51  999  999  998  999  999  997  621
 999  999  998  998  998    0    0  998    0  998  998  998  116    0 1000 1000  382  508  382  996  492  383  996  383  383  382  506  996
 507  580  998    0  402    0  996  999  721  999  525    0    0  998  983  999  998  997  998  999    0  999    0 1000  999  999  999  999
 493  161  106    0  996  998  873  997  998  506    0    0  998  997  934  998  998  999   10  999   51  999  999  998  999  999  997  621
 999  999  998  998  998    0    0  998    0  998  998  998  116    0 1000 1000  382  508  382  996  492  383  996  383  383  382  506  996
 999  998  644    0  999  999  456  999  554  846  998  466   55  664  570  941  652  494  968  938   45  972   45   45  681   45  996   45
 254  477  161    0  369  312  546  391  227  543  482  403  403  227   86   52  232   77  964    0    0  775  997  982    0  997  207  997
 507  580  998    0  402    0  996  999  721  999  525    0    0  998  983  999  998  997  998  999    0  999    0 1000  999  999  999  999
 333    0  263  163  502  740  462  352  782  827  360   51  844    0  974  249  997  996   45  999  281  331  999  160   45  916  999   58
 312  427    0  926  999    0  740  601  773  619  811  754  254  141  150    0  795    0  962  853  289  600  592  584  604  681  611    0
 999  999  998  998  998    0    0  998    0  998  998  998  116    0 1000 1000  382  508  382  996  492  383  996  383  383  382  506  996
 312  427    0  926  999    0  740  601  773  619  811  754  254  141  150    0  795    0  962  853  289  600  592  584  604  681  611    0
 999  998  644    0  999  999  456  999  554  846  998  466   55  664  570  941  652  494  968  938   45  972   45   45  681   45  996   45
 254  477  161    0  369  312  546  391  227  543  482  403  403  227   86   52  232   77  964    0    0  775  997  982    0  997  207  997
 333    0  263  163  502  740  462  352  782  827  360   51  844    0  974  249  997  996   45  999  281  331  999  160   45  916  999   58
 999  998  644    0  999  999  456  999  554  846  998  466   55  664  570  941  652  494  968  938   45  972   45   45  681   45  996   45
 254  477  161    0  369  312  546  391  227  543  482  403  403  227   86   52  232   77  964    0    0  775  997  982    0  997  207  997
 143  998   45  998    0  994  999  939  999  997  491    0    0  999  998  142  998  999  999    0  999  611  999  999  999 1000  999  688
 115  298  294    0  406  143  114  329  102    0  148  340  254  226  996    0    0    0  995  839  155   45  625  551    0    0   98    0
 379  881  318  304   30  271   97  236   53  148  645  634    0  280  967  965  782    3  970  143  239  997    0  732   45  218  952  608
 440  997  170  409   12  952  360  225  195  898  853  151    0   87  479  986  720    0    0  969  997  763   45  904  114  996  966  996
 584    0   48  961  434  855    0  226  866  618  446  999  251  568  467  629  177  941    0  999  107  222    0    0  478  999    0  997
 440  997  170  409   12  952  360  225  195  898  853  151    0   87  479  986  720    0    0  969  997  763   45  904  114  996  966  996
 379  881  318  304   30  271   97  236   53  148  645  634    0  280  967  965  782    3  970  143  239  997    0  732   45  218  952  608
  59    0  376  227  101  108  537  685  624  544  523  846    0  226    0  202  829  655   45  493    0  999    0   45    0  999  586  997
 154  236  634  269  564    0  192  517  564  316  522  705    0    0  151  997  973  782    0  957  932    0    0  314    0  836  745  901
 624  998    0  479    0  985  996  761  620  999    0    0  997  598  222  999  997  998  999   45   23  618  999 1000 1000  999    0  999
 115  298  294    0  406  143  114  329  102    0  148  340  254  226  996    0    0    0  995  839  155   45  625  551    0    0   98    0
 624  998    0  479    0  985  996  761  620  999    0    0  997  598  222  999  997  998  999   45   23  618  999 1000 1000  999    0  999
   0  269  997    0  518  995  996  694  995  994  989    0    0  477    0  996  999  987    0  999  477    0  109  332    0  997  994  991
 154  236  634  269  564    0  192  517  564  316  522  705    0    0  151  997  973  782    0  957  932    0    0  314    0  836  745  901
 900  998    3  688  999  483  417  415  323  999  999  103   60  292  506  993    0  650  962   45  925    0   45  615  925    0  996    0
   0  269  997    0  518  995  996  694  995  994  989    0    0  477    0  996  999  987    0  999  477    0  109  332    0  997  994  991
  59    0  376  227  101  108  537  685  624  544  523  846    0  226    0  202  829  655   45  493    0  999    0   45    0  999  586  997
 584    0   48  961  434  855    0  226  866  618  446  999  251  568  467  629  177  941    0  999  107  222    0    0  478  999    0  997
 118   59  168    0  752  228   73   64  157  397  534  286  281    0  996  650   45    0  998    0  387  148  996    0    0    0    0   45
 900  998    3  688  999  483  417  415  323  999  999  103   60  292  506  993    0  650  962   45  925    0   45  615  925    0  996    0
 118   59  168    0  752  228   73   64  157  397  534  286  281    0  996  650   45    0  998    0  387  148  996    0    0    0    0   45
 999  931  989  923  988  934  974  960  999  888  999  960  962  963  972  916  984  848  934  976  999  999  927  997  999  960  958  999
 923  925  922  920  849  848  855  924  999  850  858  999  918  921  921  854  857  847  851  846  918  921  923  857  847 1000  999  999
 999  980 1000  868  999  999  935 1000  987 1000  916  967  999  921  999  969 1000  967  999  976  976 1000  953 1000  946  966  922  999
 999  872  850  942  932  939  884  865  859  914 1000  873  921  919  921  850  947  998  932  929  864  847  871  846 1000  894  967  861
 975  916  975  999  821  918  670  927  923  933  917 1000  900  912  999  843  921  912  912  999  999  848  753  999  851 1000  845  986
 999  943  956  972  980  907  968  983  999  999  902  999  964  959  960  947  960  916  959  958  999  999  975  968  999  968  971  960
 928  758  930  929  236  918  973  913  999  999  999  999  924  452  503  974  999  788  852  995  999  679  788  905  918 1000   44  786
1000 1000  999 1000 1000  999 1000 1000 1000 1000 1000  833  999  999 1000 1000  916 1000 1000  999 1000 1000 1000 1000 1000  998  917  999
1000 1000  999  999  999 1000 1000 1000 1000 1000  999 1000  999 1000 1000 1000  999  999  999 1000 1000 1000 1000 1000 1000 1000  999 1000
 839  840  918  842  917  908  921  852  844  900  999  840  920  923  842  842  843  848  842  846  844  839  992  843 1000  840  973  999
 999  999  999 1000  999  999  999  999  999  999  999  999  999  999  999  999  999 1000  999 1000 1000 1000 1000 1000 1000 1000 1000 1000
1000 1000  999  999  999 1000 1000 1000 1000 1000 1000 1000  999 1000 1000 1000 1000  999 1000 1000 1000 1000 1000 1000 1000 1000 1000 1000
1000  999 1000 1000  952 1000  999 1000  999 1000 1000  960  999 1000 1000 1000 1000 1000  999 1000  935 1000  951 1000 1000  999 1000 1000
1000 1000  999 1000  999 1000  818 1000  999  999  999  999 1000  999 1000 1000  999 1000 1000 1000  996 1000  905  999 1000 1000 1000  999
 864  982  935  880  999  956  850  924  960  985  999  965  968  893  924  854  999  999  927  853  302  999  923  986  999  999  999  999
 853  851  858  848  860  851  884  922  855  844  999  858  878  847  897  869  852  851  849  854  846  924  852  848  999  851  851  856
 999  999  915  999  915  916  999  999  999  834  999  836  999  999  916  916  914  999  999  999  915  916  918  998  999  998  999 1000
 928  914  925  924  924  919  999  809  929  925  926  999  918  927  852  999  919  858  911  918  934  989  852  869  999  999  925  849
 999  999  999  998  999 1000  999  999 1000 1000  999 1000  999  999  999  999 1000  999 1000 1000  999 1000 1000 1000  999 1000  999  999
 999  999  999  999  999  999  999  983  999  988  999 1000  999  999  993 1000  999  990  999  999  999  999  999  999  999 1000  999  999
 999  880  997  845  999   45  997  999  918  852  998  999  999   40  999  323  926  971  995  996  223  999  917  428  920 1000  999  996
 951  998  920  855   34  845  911  995  999  984  843 1000  790   39  844  480  846  848  853   56  922  843  890  267  977 1000  844  845
1000  995  995  999   46  998 1000  998  845  999 1000  999  999   43 1000    0  999  999  949  663 1000  999  998  999 1000  999  999  997
 647  936  999  418  708  938  355  999  936  935 1000 1000  935  355  872  999    0  936  938  999  875  936  999    0 1000 1000  999  874
 929  929  918    0  675  855    7  172  950  856  999  735  926  922  874  999  686  924  912  917  960  887   45  864  999  998  668  935
 920  998  917  883   31  988  842  924  927  839  983 1000  773   40  972  503  915  964  912  130  921  998  858  390  853 1000  897  864
 873  986  945  883  923   34  875  927  942  978  973  999  957   43  852  916  999  852  177  971   41  999  852  972  920  999  935  977
 483  520  662  276  661  627  999  999  682  958  999  999  999  891  998  999   70  886    0  104  999  944  930  887  999  999  884  999
 961  964  947  937   38  905  975  980  959  940 1000  988  999   43  914  941  933   76  996   85  919  872  869  920 1000  886  982  974
 897  944  932  871  926   41  879  945  963  945 1000  921  951   46  854  852  914  854  221  997   40  943  853  991 1000  940  926  939
 944  988  643  342  360  414  993  962  956  940  976  999  981  960  999   37  955  876  997  999  969  944  997  978    0 1000  986  999
 839  997  999  843   39  846  999  849  999  997  843  999  845   38  844  289  932  841  917  156 1000  840  999  202  846  999  904  906
 921  999  924  924  960   32  918  928  917  929  999  920  999   41  853  923  947  854   80  952   40  855  936  924  999  931  936  997
 999  999  982  996  999    0  999  769  793  996  935  999  436  893  922  999  125  915  999  997  905  998  975   45  854 1000  245  999
 999  999  999  995  996   38  910  823  999  889  999 1000  993   43  999  919  910  999  106  997    0  998 1000  999  999 1000  999  997
 785  825    0  930  510  617  921  999  610  830 1000  999  999  920  983   45  880  962  997  917  985  999   45  922 1000  985  896  920
 616  964  745  968  979  741  413  661  695  420  999  966  996  999  987  981   45  964  994   45  976  991  945  973  999  999   45  986
 618  855  567  646   56  588  999  918  700  974  999  768  930  868  846   45  844  834  899  919  958  859    0  999  999  843  998  929
 999  999  996  995    0  999  862  823  935  999 1000 1000  999   10  999  999  999    0  950  920  998  999  981  926 1000 1000  999  989
  27  779  640  999  921  999  595  845  999  416  999 1000  711  922  842  841    0  999  938  933  916  920  999    0  918 1000  925  842
 187  927  815  667  961  991   75  933  917  883  678  461 1000  802  913  971   45  842  959  982  845   44  969  961  851  843 1000   45
 999  467  996  964    0  999  985  996  494  740  919  999  647  996  998  980   45  885  969  989  999   45  900  849  999 1000  945   44
 682  939  540    0  999  931  523  932  915  744  212  999  969  687  915  999   45  893  996  982  949   45  937  921  986  999  999   68
 402  998 1000  999  106  999  403  999  844  999  999  999 1000  106   24    0 1000 1000  998 1000   32 1000  998 1000  999 1000 1000  998
 969  999  980  969  981  802   30  599  581  582 1000  999  925  965   45  970  970  981  999   45  952  949  992  986 1000  965  103  979
 930  832  975  962  632  375  999  943 1000  978  999    0  999  161  999  999    0  999  998  999  999    0 1000  935  999   45  965  913
 322  968  599  976  990  340  756  567  999  739 1000  976  989  673  992  986   45  975  997  982   45  986  968  986 1000  999   45  998
 433  926  954  526  992  923  541  905  916  918  675   39  999  840  914  983   45  896  961  999  842   45  984  969  853  888  999   46
   0  950  954  965  925  745  554  841  770  376 1000  968  994  981  975   45  954  983  935   45  971  988  935  956 1000  995   45  980
 983  999  994  255  999  597  989  999  999  999  999 1000   49  239  999  999   45  983  974  998   45  999  971  989  999 1000  990   45
 929  934  958  524    0  768  952  572  996  760  999  739  938  925  917  977    0  916  898  914  914  940   45  865 1000  999    0  913
 927  404  955  772  234  937  918  957  965  508  938  999  519  964  943  972   45  995  957  988  938   45  938  932  935 1000   45  962
 923  959  996   38  916  917  950  999  971  983 1000  896  989   34  999  936    0  950    2  850  999  953  998  958 1000  999  937  976
 999  963  167  530  999  999  987  978  431  998  999  410  982  999  997    0  913  980  973  999   46  999  991  999  998  992   45  999
 180  653  734  774  895  999  747  996  974    0 1000  973  994  773  924  966   45  969  957  992  846   45  889  991 1000  927   45  919
 295  987  525  937  932  404  728  937  975  990 1000  979  959  288  940  970   45  951  959  936   45  948  937  944 1000  961   45  961
 920  926   93  245  921    0  999  999  931  922 1000  253  996  921  999  999    0  829  961  839  999  999  999  842 1000    0  158  998
 351  999  586  961  988  473  784  999  938  975  999  999  981   67  972  999   45  993  997  987   44  975  999  975 1000  994   45  990
 971  385  984  702  150  963  986  515  520  988 1000  950  672  966  992  964   45  955  949  967   44  979  969  984 1000  981   45  985
 193  974  986  999  949  709  398  700  611  227  999  987  996  999  997   45  994  999  979   45  988  998  991  990 1000  999   45  999
   0  807  780  919  999  519  957  997  755  129  999  917  900  902  891   45  883  968  999  844   45  899  851  904  999  981   45  923
 998  106  995  430  999  999  974  925  133  483  999  761  957  644  904  995   45  988  999  999   45  933  915  869  999  998   45  926
 999  103  970   23  999  971  967  776  631  609  865  999  996  688  986  969   45  945  967  999   45  923  899  850  988  999   42  919
 553  284  368  313  304  534  852  840  924  535 1000  868  856  920  863  849  869  910  932    0    0    0  854  847 1000  852  850  849
 240  999  439  999  922  375  487    0  999  690  915 1000  995 1000  847  916    0  908  838  917   45  850 1000  997  999 1000   45 1000
 999  103  970   23  999  971  967  776  631  609  865  999  996  688  986  969   45  945  967  999   45  923  899  850  988  999   42  919
 960  987    0  674  962  975  982  966  785  999  999  154  537  973  999   45  939  931  982  999    0  999  960  999 1000  964    0  999
   0  807  780  919  999  519  957  997  755  129  999  917  900  902  891   45  883  968  999  844   45  899  851  904  999  981   45  923
 999  286  996  997  153  999  999  985  326  379  975 1000  758  961  999  997   45  975  997 1000 1000   44  992  969  999 1000  998   45
 999  999  994  392   81  994  999  999  999  999 1000    0  545  999  999  999    0  986  983   45  999  999  999  999 1000  996   45  999
 999  103  970   23  999  971  967  776  631  609  865  999  996  688  986  969   45  945  967  999   45  923  899  850  988  999   42  919
   0  807  780  919  999  519  957  997  755  129  999  917  900  902  891   45  883  968  999  844   45  899  851  904  999  981   45  923
 553  284  368  313  304  534  852  840  924  535 1000  868  856  920  863  849  869  910  932    0    0    0  854  847 1000  852  850  849
 999  999  994  392   81  994  999  999  999  999 1000    0  545  999  999  999    0  986  983   45  999  999  999  999 1000  996   45  999
 999  286  996  997  153  999  999  985  326  379  975 1000  758  961  999  997   45  975  997 1000 1000   44  992  969  999 1000  998   45
 998  106  995  430  999  999  974  925  133  483  999  761  957  644  904  995   45  988  999  999   45  933  915  869  999  998   45  926
 240  999  439  999  922  375  487    0  999  690  915 1000  995 1000  847  916    0  908  838  917   45  850 1000  997  999 1000   45 1000
 960  987    0  674  962  975  982  966  785  999  999  154  537  973  999   45  939  931  982  999    0  999  960  999 1000  964    0  999
 960  987    0  674  962  975  982  966  785  999  999  154  537  973  999   45  939  931  982  999    0  999  960  999 1000  964    0  999
 240  999  439  999  922  375  487    0  999  690  915 1000  995 1000  847  916    0  908  838  917   45  850 1000  997  999 1000   45 1000
 999  313  967  986  116  962  191  128  999  999 1000  466  985  999  999  972    0  999  969   45  997  983  997 1000  999  970   45  999
 926  921  900  966  171  686  822    0    0  918 1000  741  912  923  895  999   60  919  988  920    0  914  920   44  999  999  319  997
 999  313  967  986  116  962  191  128  999  999 1000  466  985  999  999  972    0  999  969   45  997  983  997 1000  999  970   45  999
   0  931  126  940  907    0  354  204  958  666  999  971  851  999  850  915    0  936  846  890    0  698  999  936  999    0  919  999
 999  480  967  168  999  996  231    0 1000 1000  999   30  996  999 1000  965  369  932  986   44  964  958 1000 1000  999  944   45 1000
 926  921  900  966  171  686  822    0    0  918 1000  741  912  923  895  999   60  919  988  920    0  914  920   44  999  999  319  997
 999  480  967  168  999  996  231    0 1000 1000  999   30  996  999 1000  965  369  932  986   44  964  958 1000 1000  999  944   45 1000
 999  480  967  168  999  996  231    0 1000 1000  999   30  996  999 1000  965  369  932  986   44  964  958 1000 1000  999  944   45 1000
 999  313  967  986  116  962  191  128  999  999 1000  466  985  999  999  972    0  999  969   45  997  983  997 1000  999  970   45  999
 926  921  900  966  171  686  822    0    0  918 1000  741  912  923  895  999   60  919  988  920    0  914  920   44  999  999  319  997
   0  931  126  940  907    0  354  204  958  666  999  971  851  999  850  915    0  936  846  890    0  698  999  936  999    0  919  999
 926  921  900  966  171  686  822    0    0  918 1000  741  912  923  895  999   60  919  988  920    0  914  920   44  999  999  319  997
   0  931  126  940  907    0  354  204  958  666  999  971  851  999  850  915    0  936  846  890    0  698  999  936  999    0  919  999
 999  313  967  986  116  962  191  128  999  999 1000  466  985  999  999  972    0  999  969   45  997  983  997 1000  999  970   45  999
   0  931  126  940  907    0  354  204  958  666  999  971  851  999  850  915    0  936  846  890    0  698  999  936  999    0  919  999
 999  480  967  168  999  996  231    0 1000 1000  999   30  996  999 1000  965  369  932  986   44  964  958 1000 1000  999  944   45 1000
 926  921  900  966  171  686  822    0    0  918 1000  741  912  923  895  999   60  919  988  920    0  914  920   44  999  999  319  997
   0  931  126  940  907    0  354  204  958  666  999  971  851  999  850  915    0  936  846  890    0  698  999  936  999    0  919  999
 999  480  967  168  999  996  231    0 1000 1000  999   30  996  999 1000  965  369  932  986   44  964  958 1000 1000  999  944   45 1000
 999  313  967  986  116  962  191  128  999  999 1000  466  985  999  999  972    0  999  969   45  997  983  997 1000  999  970   45  999
1000  998  734  999  999  998  998  866  999  999  998  997  998  992  999  995  998  626  996  998  998  894  999  997  997  997  999  626
1000  998 1000  999  999  999  999  999  999  999  319  999  613  998  285 1000 1000  998  582  997  998  996 1000  999  999  998  999  285
1000 1000  999 1000  999  999  999  999  999  999 1000  999  999  999 1000  999 1000  999  999 1000  971  999  999 1000  999  999  999  971
1000  998  728  727  997  997  725  996  999  732  719  998  997  724  998  995  998  388  998  997  575  733  996  997  735  998  995  388
1000  998  999  998  997  997  998  997  999  998  998  994  999  998  998  999  998  998  995  997  996  998  999  997  997  997  998  995
1000  998  820  803  760  886  875  831  842  805  726  923  839  861  991  478  996  994  733  997  858  734  997  737  996  490  733  478
1000  999 1000  999  427  831 1000  999 1000  999  860  999 1000  999 1000 1000    0  999  426  999 1000 1000 1000  999  426 1000  999    0
1000  992  999  999  999  999  999  999  999  999  999  999  999  999  999  999 1000  999  999  999  999 1000  999  999  999  999  999  999
1000  999  998  999  998  999  999  999  143  999  998  999  999  999  998  999  999  999  999  999  999  998  999  999    0  999  999    0
1000  999  996  747  994  630  298  993  991  991  989  991  992  992  999  999  999  999  998  998  999  958  251  999  999  999  544  251
1000 1000 1000 1000  999 1000 1000 1000 1000 1000 1000  999  999 1000 1000 1000 1000 1000 1000 1000 1000 1000 1000 1000 1000 1000 1000 1000
1000  999 1000  979  987  999 1000  999  999 1000 1000  999 1000 1000 1000 1000 1000  999  999 1000 1000  987 1000 1000  999 1000  979  979
1000 1000  999  999  999 1000 1000 1000 1000 1000 1000  999  999  999 1000 1000 1000 1000 1000 1000 1000 1000 1000 1000  999 1000 1000  999
1000  993  994  998  993  997  997  992  994  998  992  991  991  992  999  999  999  999  999  999  999  999  914  999  999  999  999  914
1000 1000  999  999  999  999  999  749  999  999 1000 1000  999  999 1000  999  999  999  999  999  999  999  793 1000 1000  999  999  793
1000 1000  999  999  999 1000 1000 1000  999 1000 1000 1000  999  999 1000 1000 1000 1000 1000 1000 1000 1000 1000 1000 1000 1000 1000 1000
1000  999  999  999  154  998  999  999  999  998  999  998  999  999  999  999  999  997  998  998  999  998  999  999  190  999  999  190
1000  998  999  990  998  999  998  999  999  999  999  998  513  999  999  996  998  595  998  999  999  999  995  998  999  997  999  595
1000  999  999  999  670  103  999  999 1000  999  999  999  998  999  999  999  634  999  997  999 1000 1000  999 1000 1000  100  999  100
1000  999 1000  999 1000  999  999 1000  999 1000 1000 1000  999 1000 1000 1000  999 1000 1000 1000 1000 1000 1000 1000 1000  999 1000 1000
1000    0  999  999  999  999  997  998  999    0  999  999    0  999  999  729  999  663  999  648  999  999  999  999  999  999  999  648
1000    0  984  999  999  999  999  999    0  999  999  999    0  986  999  999  999  999  999  999  985  971  993 1000  999  999  997  971
1000    0  999  999  999  993  967    0  996  982  999  964    0  999  998  999  998  996  989  989  998  997  975  993  999  996  995  975
1000  759  763  997  885  999  998  999  899  998    0  999  999  999  999  999    0  999  985  998  985  999  999  997  724  752  999    0
1000  999  999  998  999  999    0  998  999  999  999  651  999  999  999  999  999  999  999    0  999  999  999  999  999  998  999    0
 999    0  999  999  999  999  997  998  999  680  788  999  999  999  996  999  999  999  999    0  999  999  998  998  999  674  998    0
1000    0  999  999  999  999  999    0  999  999  999  999    0  998  999  825  999  464  999  627  999  999  999  999  999  999  999  464
1000    0  997 1000  980  999  999  999    0  999  999  999    0  998  999  994 1000  999 1000  999  999  955  992 1000 1000  999  999  955
1000    0  938  953  945  943  960  951    0  947  936  937    0  962  998  999  995  997  762  761  993  999  986  998  984  994  773  761
1000  999  999  997  998  999  998  999  999  999  999    0  999  999  999  999    0  999  999  999  999  999  999  999  997  998  999    0
1000  998  589  455  998  995  998  999  522  998  999  432  998  999    0  599  446  999  999  999  999  999  999  999  999  999  999    0
1000  998  998  683  331  999  999  999  999  999  998  549  997  998  999  999  999  998  999  999  999  999  999  999  421  999   37   37
1000  999  999    0  999  999  999  997  999  999  999  999  999  999  999  999  997  999  999  999    0  999  999  999  999  985  999    0
1000    0  999  999  999  998  999  998  999  999  999  998  999  999  999  999 1000  999  999  999  999  999  999   30  999  999  999   30
1000    0  984  986  981  981  983    0  982  982  972  998    0  982  998  997  985  995  999  997  990  988  997  998  778  999  995  778
1000    0  975 1000  999  999  999  989    0  999 1000  999    0  999  999  999 1000 1000 1000  999  999  971 1000 1000  999 1000 1000  971
1000  999  999  999  999  999  998    0  998  999  997  999  999  997  999  999  999  999  999  999  997  999  999    0  999  999  999    0
1000  303  999  998  998  996  998  999  999  998  999  999  999    0  998  999  183  999   60  999  999  999  217  999  999  999  999   60
1000  530  999  782  998   44  998  999  479  999  998  600  548  999  999  999  333  441  145  129  999  998  999  999  999  999  999  129
1000  999  999  998  998  998  986  999  997  998  339  609  595  363    0  999  494  998  400  999  999  426  999  998  999  986  998    0
1000    0 1000  999 1000  999  999    0    0  999  999 1000    0 1000 1000 1000 1000 1000 1000 1000 1000 1000 1000  999 1000 1000 1000  999
1000    0  999  999  999  999  999    0    0  999  999  999    0  999 1000  999  999  999  999  999  999 1000  999  999  999  999  999  999
1000    0 1000 1000  999 1000  999    0    0 1000  999 1000    0 1000 1000 1000 1000 1000 1000  999 1000 1000 1000 1000 1000 1000 1000  999
1000    0 1000 1000  999 1000 1000  999    0    0 1000  999  999    0 1000 1000 1000 1000 1000 1000 1000 1000 1000 1000 1000 1000 1000 1000
1000    0  999  999  999 1000    0    0  999  999  999  999    0 1000 1000  999  999  999 1000  999 1000 1000 1000  999  999 1000 1000  999
1000    0  787  999  999  999    0    0 1000  999  999 1000    0 1000 1000 1000 1000  779 1000 1000 1000 1000 1000  999 1000 1000 1000  779
1000    0  999  999  999  999    0    0  999  999  999  999    0  999  999  999  999  999  999  999 1000  999  999  999  999  999  999  999
1000    0  999  999  999  999  999    0    0  999  999  999    0  999  999  999  999  999  999  999  999 1000  999  999  999  999  999  999
1000    0 1000 1000  999  999    0    0  999  999  999 1000    0 1000 1000 1000 1000 1000 1000 1000 1000 1000 1000  999 1000 1000 1000  999
1000  999   31  998  488  996  999  479  999  998  674  794  801  998  999  997  437  997  139  999  998  998  998  997    0  998  234    0
1000  630  998  998  999  999  126  998  999  999  999  179  999  999  999  140   84  999  999  999  999  999  999  999  998  999 1000   84
1000    0  999 1000  999 1000    0    0 1000  999  999 1000    0 1000 1000 1000 1000 1000 1000 1000 1000 1000 1000  999 1000 1000 1000  999
1000    0 1000 1000  999  999  999    0    0  999  999 1000    0  999 1000 1000 1000 1000 1000 1000 1000 1000  999  999 1000 1000 1000  999
1000    0 1000 1000  999  999    0    0 1000  999 1000  999    0  999  999 1000 1000 1000 1000 1000 1000 1000 1000 1000 1000 1000 1000  999
1000  930  750  684  784  768  422  804    0  817  741    0  654  709  993  464  128  332  520  994  600  997    0  784  995  586  999    0
1000    0  999  999  999  999    0    0  999  999  999  999    0  999 1000  999  999  999  999  999  999  999  999  999  999  999  999  999
1000  583  616  359  714  871  382  570  739  477  713  666  856  675  555  553  997  998  346  713  569  119  126  203  998   75  998   75
1000    0 1000 1000  999 1000 1000 1000    0    0 1000  999  999    0 1000 1000 1000 1000 1000 1000 1000 1000 1000 1000 1000 1000 1000 1000
1000    0 1000 1000  999 1000 1000 1000    0    0 1000  999  999    0 1000 1000 1000 1000 1000 1000 1000 1000 1000 1000 1000 1000 1000 1000
1000  999  997  999  517  985  974  997  999  999  999  603    0  214 1000  478    2  989    0  995  990  998  998  991  995  993  993    0
1000 1000  551  508    0  483  992  768  507  995  994    0  997  995 1000  994  494  651  318    0  999  447  997  473  472  415  995    0
1000  625  490  495  501  595  599  797  563  556  870  586  567  550  999    0  998  998    0  337  999  998  998  296  998  802    0    0
 998   50  707  999  999  999  998  999  998  997  999   43  602  998  997  999  741  999  136  999  999  999    0  999  996  236  999    0
   0  998  480  999   42  999  996 1000  998  998  999  996  999  998  998  998  998  996  999  167 1000  998  999  999    0  999  369    0
1000  400  895  885  950  916  944  476  645  970  748   16  854  858    0  999  999  999  333  163  998  998  566  999  253  915  995    0
1000  998  192  458  738  999  998  110  998  998  998   44  998  999  999  998  998    0  999  196  998  999  999  999  998  156  999    0
1000  999  918  930  924  967  922  557  934   81  915  927    0  927  985  995  580   98   64  592  995  594  997  911  991  993  991   64
1000  637  871  390  518  420  506  371  394  412  840  424  533  464  999    0  337  998  998    0  342  305  338  999  998  706  326    0
1000  942  976  968   68  468  566  431  969  942  986  432  532  977  999    0  999  998  825  913  998  999  914    0  628  998  999    0
1000  881  995  418  997  992  988  995  542    0  995  502  785  885  996  991  993  994  413  292  997  447  452  989  360    0  469    0
1000  498  889  548  588  663  760  590  777  913  659  632  739  761    0  999  998  998  999  379  398  998  998  999  344    0    0    0
1000  972  333  536  242  833  586  601  612  588  555  926  484  525  999  997  102  586    0  998  998  548  999  112  999  111  106    0
1000  764  853  421  468  439  420  460  792  667  852   41  516  714  462  998  998  993  334  998  330    0  355  234  469  998    0    0
 999  542  999  478  505  998  649  476  998  999  999   44  796  999  998  999  687  998  564    0  998    0  999  999  996  677  535    0
1000  972  472  626  534  895  620  632  644  725  652  925  647  673  999  998  998  998    0  998  998  998  999  107  999  114  109    0
1000  881  995  418  997  992  988  995  542    0  995  502  785  885  996  991  993  994  413  292  997  447  452  989  360    0  469    0
1000  984  996  997    0  998  998  998  748  998  999  159  484  999  999    0   31  997  997  999  998  999  327  997  997  997  999    0
1000  854  495  650  451  863  577  655  713  767  599  904  636  571  999  998  108  565  896  998  811    0  159  998  999    0  998    0
1000    0    0  998  999  999  999  999  875  998  999  999  997  997  999  997  999  999  998    0  999  999  999  999  999    0  999    0
1000 1000  551  508    0  483  992  768  507  995  994    0  997  995 1000  994  494  651  318    0  999  447  997  473  472  415  995    0
1000  375  295  193  340   51  870  383  892   58  512  962  105  524 1000  651    0  368  331  771  617  664  996   63  999  724    2    0
1000  999  999  997    0  998  997    0  999  998  997    0  996  999  999  999  999  997  999    0  997  998  999    0  999    0  999    0
1000   46  692    0  996  997  999  999  998    0  482  995  390  998  349  160    0  468  998  999  999  999  997  989  742  998  868    0
1000  999  999  997    0  998  997    0  999  998  997    0  996  999  999  999  999  997  999    0  997  998  999    0  999    0  999    0
1000  366  900  899  774  864  564  858    0  568  859  820    0  537  237  863  524  865  865    0  536  509  864  864    0  998  745    0
1000  375  295  193  340   51  870  383  892   58  512  962  105  524 1000  651    0  368  331  771  617  664  996   63  999  724    2    0
1000  722  664  289  747  309  657  805  183  790  891  574  669  867  160  998   52  998   53  666  520  527    0  999  998  862   76    0
1000   46  692    0  996  997  999  999  998    0  482  995  390  998  349  160    0  468  998  999  999  999  997  989  742  998  868    0
1000  722  664  289  747  309  657  805  183  790  891  574  669  867  160  998   52  998   53  666  520  527    0  999  998  862   76    0
1000  999  999  997    0  998  997    0  999  998  997    0  996  999  999  999  999  997  999    0  997  998  999    0  999    0  999    0
1000   46  692    0  996  997  999  999  998    0  482  995  390  998  349  160    0  468  998  999  999  999  997  989  742  998  868    0
1000  764  245  372  326  237  212  727  494  782  293  115  396  476  638  998  972  368  997  651  304    0    0  852  997  998  378    0
1000  366  900  899  774  864  564  858    0  568  859  820    0  537  237  863  524  865  865    0  536  509  864  864    0  998  745    0
1000  722  664  289  747  309  657  805  183  790  891  574  669  867  160  998   52  998   53  666  520  527    0  999  998  862   76    0
1000  595  301  522  927  469   58  320  183  226  978  429  267   49  877  276  523  999  998  999  521  528  229  886   40   49  184   40
1000  764  245  372  326  237  212  727  494  782  293  115  396  476  638  998  972  368  997  651  304    0    0  852  997  998  378    0
1000  764  245  372  326  237  212  727  494  782  293  115  396  476  638  998  972  368  997  651  304    0    0  852  997  998  378    0
1000  366  900  899  774  864  564  858    0  568  859  820    0  537  237  863  524  865  865    0  536  509  864  864    0  998  745    0
1000  375  295  193  340   51  870  383  892   58  512  962  105  524 1000  651    0  368  331  771  617  664  996   63  999  724    2    0
1000  595  301  522  927  469   58  320  183  226  978  429  267   49  877  276  523  999  998  999  521  528  229  886   40   49  184   40
1000  976  831  408  583  498  440  484  839  340  286  847  487  445  999  998  340    0    0  998   34  304  969  834  999    0  998    0
1000  976  831  408  583  498  440  484  839  340  286  847  487  445  999  998  340    0    0  998   34  304  969  834  999    0  998    0
1000    0   42  372  997    0  994    0  996  996  992   14  995  997  997  551  998  469  486  347  564    0  991  507  990  224  997    0
1000  256  778    0  493  475  999  998  997  997  998    9  567  996    0    0    0    0  998  999  999  999  999  999  995  999  999    0
1000   42  999    0  999  999  997  998  294  478  992  994  999  994  994  993  680  999  998    0  999  998  996  999  173  999    0    0
1000  137    0  584  993  997  998  995  544  998  994    0  997  993  998  918  999    0  998  998  997  360    0  998  214  992  994    0
1000  896  555  817  799  879  131  148  250    0  908  492  686  533  980  328  660  999  823    0  326  716    0  999  586  646  274    0
1000  240  872  828  777  804  408  515  675  976  725    0  709  637    0  691  998   89  999  428  505  158  297  333    0  926  998    0
1000  896  555  817  799  879  131  148  250    0  908  492  686  533  980  328  660  999  823    0  326  716    0  999  586  646  274    0
1000  256  778    0  493  475  999  998  997  997  998    9  567  996    0    0    0    0  998  999  999  999  999  999  995  999  999    0
1000   42  999    0  999  999  997  998  294  478  992  994  999  994  994  993  680  999  998    0  999  998  996  999  173  999    0    0
1000  999  998  999  999  999  999  999    0  999  200    0  998  996  999  999   31  999  999  999  999   42  999  998  997  999    0    0
1000  137    0  584  993  997  998  995  544  998  994    0  997  993  998  918  999    0  998  998  997  360    0  998  214  992  994    0
1000    0   42  372  997    0  994    0  996  996  992   14  995  997  997  551  998  469  486  347  564    0  991  507  990  224  997    0
1000  896  555  817  799  879  131  148  250    0  908  492  686  533  980  328  660  999  823    0  326  716    0  999  586  646  274    0
1000  256  778    0  493  475  999  998  997  997  998    9  567  996    0    0    0    0  998  999  999  999  999  999  995  999  999    0
1000  999  998  999  999  999  999  999    0  999  200    0  998  996  999  999   31  999  999  999  999   42  999  998  997  999    0    0
1000    0   42  372  997    0  994    0  996  996  992   14  995  997  997  551  998  469  486  347  564    0  991  507  990  224  997    0
1000   42  999    0  999  999  997  998  294  478  992  994  999  994  994  993  680  999  998    0  999  998  996  999  173  999    0    0
1000  240  872  828  777  804  408  515  675  976  725    0  709  637    0  691  998   89  999  428  505  158  297  333    0  926  998    0
1000  999  801  263  371  296  155  309  294  255  769  470  355  290  999  998    0    0    0  997  352   16  333  998  195  999  998    0
1000  922  212  339  430  420  387  359  136  716  859  437  330   79  999   62   49   53    0  997  412  520  998  999   42  658  996    0
1000  999  801  263  371  296  155  309  294  255  769  470  355  290  999  998    0    0    0  997  352   16  333  998  195  999  998    0
1000   78  306  277  362  267  291  153  647  812  395  507  243    0  999    0  528    0  524  222    0  530  998   39  371  997  996    0
1000  936    0  214  296  181  325  239  565   75  801  268  148    0  999   62    0  221    0  524    0   44   59  529   44   52  995    0
1000  999  261  556  778  288  999    0   69  999  999    0  644  291  999  707  998  803  369  684    3  140  999  827   55  684  369    3
   0  758   35  154   52  123    0   41   95  748   78  225  213  242    0  336  997  997    0  996  666  327    0  997    0    0    0    0
1000   78  306  277  362  267  291  153  647  812  395  507  243    0  999    0  528    0  524  222    0  530  998   39  371  997  996    0
1000   37  998  479  474  996  474  521  998  998  995   40   87  996  999  999  941    0   91  557   99  999  112   46  994    0  999    0
   0  758   35  154   52  123    0   41   95  748   78  225  213  242    0  336  997  997    0  996  666  327    0  997    0    0    0    0
1000   78  306  277  362  267  291  153  647  812  395  507  243    0  999    0  528    0  524  222    0  530  998   39  371  997  996    0
1000  936    0  214  296  181  325  239  565   75  801  268  148    0  999   62    0  221    0  524    0   44   59  529   44   52  995    0
   0  758   35  154   52  123    0   41   95  748   78  225  213  242    0  336  997  997    0  996  666  327    0  997    0    0    0    0
1000  999  261  556  778  288  999    0   69  999  999    0  644  291  999  707  998  803  369  684    3  140  999  827   55  684  369    3
1000   37  998  479  474  996  474  521  998  998  995   40   87  996  999  999  941    0   91  557   99  999  112   46  994    0  999    0
1000  999  261  556  778  288  999    0   69  999  999    0  644  291  999  707  998  803  369  684    3  140  999  827   55  684  369    3
1000  922  212  339  430  420  387  359  136  716  859  437  330   79  999   62   49   53    0  997  412  520  998  999   42  658  996    0
1000  999  801  263  371  296  155  309  294  255  769  470  355  290  999  998    0    0    0  997  352   16  333  998  195  999  998    0
1000  922  212  339  430  420  387  359  136  716  859  437  330   79  999   62   49   53    0  997  412  520  998  999   42  658  996    0
1000   37  998  479  474  996  474  521  998  998  995   40   87  996  999  999  941    0   91  557   99  999  112   46  994    0  999    0
